0
56
0
7
34
115
0
-1
72
17
9
1
-2
1
9
1726143852
26
605 602 0 0
876 679 0 0
331 679 0 0
331 679 0 0
605 679 0 0
59 679 0 0
331 679 0 0
605 679 0 0
751 756 0 0
59 756 0 0
205 756 0 0
331 756 0 0
605 863 0 1383 0
876 786 0 1383 1
751 786 0 1383 1
605 707 0 0
751 819 0 0
876 707 0 0
331 770 0 1322 1
751 798 0 1322 1
205 795 0 1388 1
751 637 0 0
59 679 0 0
59 679 0 0
876 679 0 0
59 679 0 0
876 679 0 0
331 602 0 0
605 679 0 0
331 737 0 1320 1
605 737 0 1320 1
205 798 0 0
751 798 0 0
59 602 0 0
876 679 0 0
331 742 1 1420 0
205 602 1 0
59 602 1 0
751 602 1 0
876 602 1 0
331 196 1 0
205 196 1 0
59 196 1 0
